ABBANK        16.90    17.30    16.90    17.20   0.58    303       691172       11.847
ABBANK        21.50    22.00    21.50    21.90   1.86   1340      4071590       88.696
ABBANK        16.90    17.30    16.90    17.20   0.58    303       691172       11.847
ABBANK        21.10    22.10    20.90    22.00   5.77   1780      5159897      112.302
ABBANK        21.50    21.50    20.80    21.10  -0.94   1080      2956395       62.430
ABBANK        17.70    19.40    17.70    19.40   9.60   2715     13323138      254.164
ABBANK        21.50    22.00    21.50    21.90   1.86   1340      4071590       88.696
ABBANK        16.90    17.30    16.90    17.20   0.58    303       691172       11.847
ABBANK        21.50    22.00    21.50    21.90   1.86   1340      4071590       88.696
ABBANK        16.90    17.30    16.90    17.20   0.58    303       691172       11.847
ABBANK        21.10    22.10    20.90    22.00   5.77   1780      5159897      112.302
ABBANK        21.50    21.50    20.80    21.10  -0.94   1080      2956395       62.430
ABBANK        17.70    19.40    17.70    19.40   9.60   2715     13323138      254.164
ABBANK        21.50    22.00    21.50    21.90   1.86   1340      4071590       88.696
ABBANK        16.90    17.30    16.90    17.20   0.58    303       691172       11.847
ABBANK        21.50    22.00    21.50    21.90   1.86   1340      4071590       88.696
ABBANK        16.90    17.30    16.90    17.20   0.58    303       691172       11.847
ABBANK        21.10    22.10    20.90    22.00   5.77   1780      5159897      112.302
ABBANK        21.50    21.50    20.80    21.10  -0.94   1080      2956395       62.430
ABBANK        17.70    19.40    17.70    19.40   9.60   2715     13323138      254.164
ABBANK        21.50    22.00    21.50    21.90   1.86   1340      4071590       88.696
ABBANK        16.90    17.30    16.90    17.20   0.58    303       691172       11.847
ABBANK        21.50    22.00    21.50    21.90   1.86   1340      4071590       88.696
ABBANK        16.90    17.30    16.90    17.20   0.58    303       691172       11.847
ABBANK        21.10    22.10    20.90    22.00   5.77   1780      5159897      112.302
ABBANK        21.50    21.50    20.80    21.10  -0.94   1080      2956395       62.430
ABBANK        17.70    19.40    17.70    19.40   9.60   2715     13323138      254.164
ABBANK        21.50    22.00    21.50    21.90   1.86   1340      4071590       88.696
ABBANK        21.50    21.50    20.80    21.10  -0.94   1080      2956395       62.430
ABBANK        16.90    17.30    16.90    17.20   0.58    303       691172       11.847
ABBANK        16.90    17.30    16.90    17.20   0.58    303       691172       11.847
ABBANK        16.90    17.30    16.90    17.20   0.58    303       691172       11.847
ABBANK        21.50    21.50    20.80    21.10  -0.94   1080      2956395       62.430
ABBANK        17.70    19.40    17.70    19.40   9.60   2715     13323138      254.164
ABBANK        22.90    23.20    22.60    22.90   1.78   2387      7391520      169.605
ABBANK        16.90    17.30    16.90    17.20   0.58    303       691172       11.847
ABBANK        22.60    22.60    22.00    22.10  -1.34    958      2187516       48.564
ABBANK        21.50    22.00    21.50    21.90   1.86   1340      4071590       88.696
ABBANK        22.00    22.70    21.70    22.50   2.27   2003      6369677      141.490
ABBANK        22.90    23.20    22.60    22.90   1.78   2387      7391520      169.605
ABBANK        23.00    23.10    22.30    22.40  -2.18   1294      4273137       97.002
ABBANK        22.60    22.60    22.00    22.10  -1.34    958      2187516       48.564
ABBANK        16.90    17.30    16.90    17.20   0.58    303       691172       11.847
ABBANK        21.50    22.00    21.50    21.90   1.86   1340      4071590       88.696
ABBANK        16.90    17.30    16.90    17.20   0.58    303       691172       11.847
ABBANK        21.10    22.10    20.90    22.00   5.77   1780      5159897      112.302
ABBANK        21.50    21.50    20.80    21.10  -0.94   1080      2956395       62.430
ABBANK        17.70    19.40    17.70    19.40   9.60   2715     13323138      254.164
ABBANK        21.50    22.00    21.50    21.90   1.86   1340      4071590       88.696
ABBANK        21.50    21.50    20.80    21.10  -0.94   1080      2956395       62.430
ABBANK        16.90    17.30    16.90    17.20   0.58    303       691172       11.847
ABBANK        16.90    17.30    16.90    17.20   0.58    303       691172       11.847
ABBANK        16.90    17.30    16.90    17.20   0.58    303       691172       11.847
ABBANK        21.50    21.50    20.80    21.10  -0.94   1080      2956395       62.430
ABBANK        17.70    19.40    17.70    19.40   9.60   2715     13323138      254.164
ABBANK        22.90    23.20    22.60    22.90   1.78   2387      7391520      169.605
ABBANK        16.90    17.30    16.90    17.20   0.58    303       691172       11.847
ABBANK        22.60    22.60    22.00    22.10  -1.34    958      2187516       48.564
ABBANK        21.50    22.00    21.50    21.90   1.86   1340      4071590       88.696
ABBANK        22.00    22.70    21.70    22.50   2.27   2003      6369677      141.490
ABBANK        22.90    23.20    22.60    22.90   1.78   2387      7391520      169.605
ABBANK        23.00    23.10    22.30    22.40  -2.18   1294      4273137       97.002
ABBANK        22.60    22.60    22.00    22.10  -1.34    958      2187516       48.564
ABBANK        16.90    17.30    16.90    17.20   0.58    303       691172       11.847
ABBANK        21.50    22.00    21.50    21.90   1.86   1340      4071590       88.696
ABBANK        16.90    17.30    16.90    17.20   0.58    303       691172       11.847
ABBANK        21.10    22.10    20.90    22.00   5.77   1780      5159897      112.302
ABBANK        21.50    21.50    20.80    21.10  -0.94   1080      2956395       62.430
ABBANK        17.70    19.40    17.70    19.40   9.60   2715     13323138      254.164
ABBANK        21.50    22.00    21.50    21.90   1.86   1340      4071590       88.696
