ACI          421.00   423.00   406.10   407.50  -0.85    999       111909       46.086
ACI          404.00   404.00   397.50   398.70  -0.65    676        51380       20.505
ACI          421.00   423.00   406.10   407.50  -0.85    999       111909       46.086
ACI          390.60   391.00   383.40   386.10  -0.26    941        96934       37.398
ACI          396.00   396.90   390.00   391.50  -1.24   1403       114054       44.846
ACI          407.20   412.00   406.20   407.40   0.32    579        50106       20.492
ACI          404.00   404.00   397.50   398.70  -0.65    676        51380       20.505
ACI          396.00   396.90   390.00   391.50  -1.24   1403       114054       44.846
ACI          421.00   423.00   406.10   407.50  -0.85    999       111909       46.086
ACI          421.00   423.00   406.10   407.50  -0.85    999       111909       46.086
ACI          421.00   423.00   406.10   407.50  -0.85    999       111909       46.086
ACI          396.00   396.90   390.00   391.50  -1.24   1403       114054       44.846
ACI          407.20   412.00   406.20   407.40   0.32    579        50106       20.492
ACI          390.60   391.00   383.40   386.10  -0.26    941        96934       37.398
ACI          421.00   423.00   406.10   407.50  -0.85    999       111909       46.086
ACI          390.60   391.00   383.40   386.10  -0.26    941        96934       37.398
ACI          390.60   391.00   383.40   386.10  -0.26    941        96934       37.398
ACI          388.00   395.00   385.10   394.30   2.12    992        95766       37.536
ACI          421.00   423.00   406.10   407.50  -0.85    999       111909       46.086
ACI          404.00   404.00   397.50   398.70  -0.65    676        51380       20.505
ACI          421.00   423.00   406.10   407.50  -0.85    999       111909       46.086
ACI          390.60   391.00   383.40   386.10  -0.26    941        96934       37.398
ACI          396.00   396.90   390.00   391.50  -1.24   1403       114054       44.846
ACI          407.20   412.00   406.20   407.40   0.32    579        50106       20.492
ACI          404.00   404.00   397.50   398.70  -0.65    676        51380       20.505
ACI          396.00   396.90   390.00   391.50  -1.24   1403       114054       44.846
ACI          421.00   423.00   406.10   407.50  -0.85    999       111909       46.086
ACI          421.00   423.00   406.10   407.50  -0.85    999       111909       46.086
ACI          421.00   423.00   406.10   407.50  -0.85    999       111909       46.086
ACI          396.00   396.90   390.00   391.50  -1.24   1403       114054       44.846
ACI          407.20   412.00   406.20   407.40   0.32    579        50106       20.492
ACI          392.00   395.90   387.10   388.80  -1.39    793        77502       30.436
ACI          421.00   423.00   406.10   407.50  -0.85    999       111909       46.086
ACI          390.40   396.80   390.00   391.70  -0.13    634        67274       26.485
ACI          404.00   404.00   397.50   398.70  -0.65    676        51380       20.505
ACI          388.00   395.00   385.10   394.30   2.12    992        95766       37.536
ACI          392.00   395.90   387.10   388.80  -1.39    793        77502       30.436
ACI          391.50   393.70   388.10   392.20   0.87    634        50723       19.864
ACI          390.40   396.80   390.00   391.70  -0.13    634        67274       26.485
