AMBEEPHA     440.00   452.40   433.10   437.10  -2.26    317        11614        5.095
AMBEEPHA     380.00   380.00   365.00   373.90  -4.28    365        19357        7.219
AMBEEPHA     440.00   452.40   433.10   437.10  -2.26    317        11614        5.095
AMBEEPHA     371.00   395.00   370.00   387.50   4.70    763        38888       14.947
AMBEEPHA     440.40   455.00   439.00   442.10   1.03    339        13563        6.052
AMBEEPHA     380.00   380.00   365.00   373.90  -4.28    365        19357        7.219
AMBEEPHA     440.00   452.40   433.10   437.10  -2.26    317        11614        5.095
AMBEEPHA     440.00   452.40   433.10   437.10  -2.26    317        11614        5.095
AMBEEPHA     440.00   452.40   433.10   437.10  -2.26    317        11614        5.095
AMBEEPHA     440.40   455.00   439.00   442.10   1.03    339        13563        6.052
AMBEEPHA     405.00   407.70   392.00   393.90  -2.26    306        11764        4.664
AMBEEPHA     440.00   452.40   433.10   437.10  -2.26    317        11614        5.095
AMBEEPHA     400.00   400.00   392.10   397.10   2.00    160         7123        2.814
AMBEEPHA     380.00   380.00   365.00   373.90  -4.28    365        19357        7.219
AMBEEPHA     395.00   405.00   395.00   403.00   4.00    503        27735       11.105
AMBEEPHA     405.00   407.70   392.00   393.90  -2.26    306        11764        4.664
AMBEEPHA     393.50   395.60   387.00   389.30  -1.17    247        13213        5.162
AMBEEPHA     400.00   400.00   392.10   397.10   2.00    160         7123        2.814
