APEXFOOT     375.00   378.80   363.00   366.10  -2.16   1225       152116       56.014
APEXFOOT     345.50   349.80   344.00   344.60  -0.20    439        54232       18.759
APEXFOOT     375.00   378.80   363.00   366.10  -2.16   1225       152116       56.014
APEXFOOT     346.00   346.10   336.50   339.30  -0.93    554        63768       21.712
APEXFOOT     345.90   345.90   336.10   338.30  -0.94    608        64985       22.133
APEXFOOT     364.50   367.00   358.40   359.60  -1.18   1093       109082       39.413
APEXFOOT     345.50   349.80   344.00   344.60  -0.20    439        54232       18.759
APEXFOOT     345.90   345.90   336.10   338.30  -0.94    608        64985       22.133
APEXFOOT     375.00   378.80   363.00   366.10  -2.16   1225       152116       56.014
APEXFOOT     375.00   378.80   363.00   366.10  -2.16   1225       152116       56.014
APEXFOOT     375.00   378.80   363.00   366.10  -2.16   1225       152116       56.014
APEXFOOT     345.90   345.90   336.10   338.30  -0.94    608        64985       22.133
APEXFOOT     364.50   367.00   358.40   359.60  -1.18   1093       109082       39.413
APEXFOOT     342.60   342.60   331.00   333.60  -0.51    359        53702       17.912
APEXFOOT     375.00   378.80   363.00   366.10  -2.16   1225       152116       56.014
APEXFOOT     336.50   341.90   333.70   334.70   0.45    247        24402        8.205
APEXFOOT     345.50   349.80   344.00   344.60  -0.20    439        54232       18.759
APEXFOOT     340.10   343.50   333.00   335.30  -1.18    718       113537       38.271
APEXFOOT     342.60   342.60   331.00   333.60  -0.51    359        53702       17.912
APEXFOOT     338.00   338.00   331.50   333.20  -0.12    242        30929       10.317
APEXFOOT     336.50   341.90   333.70   334.70   0.45    247        24402        8.205
