APEXFOODS    159.70   159.70   142.00   145.90  -6.59    586        87371       13.167
APEXFOODS    150.00   151.00   146.80   148.90   0.61    511        84164       12.490
APEXFOODS    159.70   159.70   142.00   145.90  -6.59    586        87371       13.167
APEXFOODS    148.20   148.20   142.00   143.30  -1.65    390        57962        8.381
APEXFOODS    148.80   151.80   147.50   148.00  -0.54    397        55077        8.202
APEXFOODS    150.00   151.00   146.80   148.90   0.61    511        84164       12.490
APEXFOODS    148.80   151.80   147.50   148.00  -0.54    397        55077        8.202
APEXFOODS    159.70   159.70   142.00   145.90  -6.59    586        87371       13.167
APEXFOODS    159.70   159.70   142.00   145.90  -6.59    586        87371       13.167
APEXFOODS    159.70   159.70   142.00   145.90  -6.59    586        87371       13.167
APEXFOODS    148.80   151.80   147.50   148.00  -0.54    397        55077        8.202
APEXFOODS    144.00   144.00   138.40   139.10  -1.56    341        53444        7.496
APEXFOODS    159.70   159.70   142.00   145.90  -6.59    586        87371       13.167
APEXFOODS    139.90   144.00   139.00   139.90   1.23    433        53170        7.519
APEXFOODS    150.00   151.00   146.80   148.90   0.61    511        84164       12.490
APEXFOODS    145.00   145.80   140.90   141.30  -1.40    397        54313        7.711
APEXFOODS    144.00   144.00   138.40   139.10  -1.56    341        53444        7.496
APEXFOODS    139.10   141.10   138.00   138.20  -0.65    403        43930        6.096
APEXFOODS    139.90   144.00   139.00   139.90   1.23    433        53170        7.519
