APOLOISPAT    16.30    16.30    15.70    15.90  -1.85    658      2089601       33.544
APOLOISPAT    15.80    15.90    15.50    15.80  -0.63   1521      5430957       85.198
APOLOISPAT    16.30    16.30    15.70    15.90  -1.85    658      2089601       33.544
APOLOISPAT    18.20    18.30    17.60    17.70  -2.21   2750     10201327      182.489
APOLOISPAT    16.90    17.50    16.60    17.40   2.96   2499      7847762      133.541
APOLOISPAT    16.10    16.30    16.00    16.10   0.00    665      1899224       30.723
APOLOISPAT    15.80    15.90    15.50    15.80  -0.63   1521      5430957       85.198
APOLOISPAT    16.90    17.50    16.60    17.40   2.96   2499      7847762      133.541
APOLOISPAT    16.30    16.30    15.70    15.90  -1.85    658      2089601       33.544
APOLOISPAT    16.30    16.30    15.70    15.90  -1.85    658      2089601       33.544
APOLOISPAT    16.30    16.30    15.70    15.90  -1.85    658      2089601       33.544
APOLOISPAT    16.90    17.50    16.60    17.40   2.96   2499      7847762      133.541
APOLOISPAT    16.10    16.30    16.00    16.10   0.00    665      1899224       30.723
APOLOISPAT    19.10    19.50    18.70    19.40   2.11   3487     11141482      213.037
APOLOISPAT    16.30    16.30    15.70    15.90  -1.85    658      2089601       33.544
APOLOISPAT    19.00    19.50    18.50    19.20   1.59   2511      8408385      160.181
APOLOISPAT    15.80    15.90    15.50    15.80  -0.63   1521      5430957       85.198
APOLOISPAT    17.90    19.20    17.80    19.00   7.34   3889     13397304      249.464
APOLOISPAT    19.10    19.50    18.70    19.40   2.11   3487     11141482      213.037
APOLOISPAT    19.50    19.90    18.80    18.90  -2.58   3017      9669960      186.771
APOLOISPAT    19.00    19.50    18.50    19.20   1.59   2511      8408385      160.181
