ARAMIT       357.50   357.60   353.20   353.80  -0.92    233        12216        4.337
ARAMIT       359.00   361.90   354.80   355.00  -1.00    187        10442        3.717
ARAMIT       357.50   357.60   353.20   353.80  -0.92    233        12216        4.337
ARAMIT       360.70   360.70   353.00   354.40  -0.89    219        25689        9.121
ARAMIT       355.00   365.90   352.00   357.90   1.36    238        16067        5.777
ARAMIT       359.00   361.90   354.80   355.00  -1.00    187        10442        3.717
ARAMIT       355.00   365.90   352.00   357.90   1.36    238        16067        5.777
ARAMIT       357.50   357.60   353.20   353.80  -0.92    233        12216        4.337
ARAMIT       357.50   357.60   353.20   353.80  -0.92    233        12216        4.337
ARAMIT       357.50   357.60   353.20   353.80  -0.92    233        12216        4.337
ARAMIT       355.00   365.90   352.00   357.90   1.36    238        16067        5.777
ARAMIT       352.00   355.00   351.20   354.00   0.11    117         8807        3.116
ARAMIT       357.50   357.60   353.20   353.80  -0.92    233        12216        4.337
ARAMIT       354.80   359.80   354.80   357.00   1.10    144         9585        3.424
ARAMIT       359.00   361.90   354.80   355.00  -1.00    187        10442        3.717
ARAMIT       354.00   356.10   352.00   353.60  -0.23    133        10329        3.655
ARAMIT       352.00   355.00   351.20   354.00   0.11    117         8807        3.116
ARAMIT       352.60   355.40   352.10   353.10  -0.25    158        11867        4.193
ARAMIT       354.80   359.80   354.80   357.00   1.10    144         9585        3.424
