BDFINANCE      9.30     9.70     9.30     9.60   3.23    223       512724        4.874
BDFINANCE     11.40    11.80    11.30    11.70   3.54    704      1605339       18.516
BDFINANCE      9.30     9.70     9.30     9.60   3.23    223       512724        4.874
BDFINANCE     11.80    12.40    11.70    12.30   4.24    978      2743819       33.424
BDFINANCE     11.40    11.50    11.10    11.40   0.00    231       551604        6.260
BDFINANCE     10.10    10.40    10.00    10.20   2.00    344      1054313       10.800
BDFINANCE     11.40    11.80    11.30    11.70   3.54    704      1605339       18.516
BDFINANCE     11.40    11.50    11.10    11.40   0.00    231       551604        6.260
BDFINANCE      9.30     9.70     9.30     9.60   3.23    223       512724        4.874
BDFINANCE      9.30     9.70     9.30     9.60   3.23    223       512724        4.874
BDFINANCE      9.30     9.70     9.30     9.60   3.23    223       512724        4.874
BDFINANCE     11.40    11.50    11.10    11.40   0.00    231       551604        6.260
BDFINANCE     10.10    10.40    10.00    10.20   2.00    344      1054313       10.800
BDFINANCE     12.80    12.80    12.40    12.50  -1.57    549      1588407       19.943
BDFINANCE      9.30     9.70     9.30     9.60   3.23    223       512724        4.874
BDFINANCE     12.10    12.30    12.00    12.10   0.00    361       983500       11.961
BDFINANCE     11.40    11.80    11.30    11.70   3.54    704      1605339       18.516
BDFINANCE     12.50    12.80    12.20    12.70   3.25    814      2229808       27.997
BDFINANCE     12.80    12.80    12.40    12.50  -1.57    549      1588407       19.943
BDFINANCE     12.50    12.60    12.00    12.10  -3.20    548      1508718       18.566
BDFINANCE     12.10    12.30    12.00    12.10   0.00    361       983500       11.961
