DESCO         51.00    53.00    50.20    51.80   0.00    151       167321        8.637
DESCO         49.50    49.80    48.00    48.40  -2.02    387       302273       14.689
DESCO         51.00    53.00    50.20    51.80   0.00    151       167321        8.637
DESCO         48.80    49.40    48.30    48.30  -0.82    217       166639        8.099
DESCO         49.30    49.40    48.70    48.90  -0.41     88        42205        2.062
DESCO         49.50    49.80    48.00    48.40  -2.02    387       302273       14.689
DESCO         49.30    49.40    48.70    48.90  -0.41     88        42205        2.062
DESCO         51.00    53.00    50.20    51.80   0.00    151       167321        8.637
DESCO         51.00    53.00    50.20    51.80   0.00    151       167321        8.637
DESCO         51.00    53.00    50.20    51.80   0.00    151       167321        8.637
DESCO         49.30    49.40    48.70    48.90  -0.41     88        42205        2.062
DESCO         49.00    49.00    47.50    47.80  -1.24    335       425027       20.530
DESCO         51.00    53.00    50.20    51.80   0.00    151       167321        8.637
DESCO         48.00    48.00    45.90    46.20  -2.94    453       426915       19.934
DESCO         49.50    49.80    48.00    48.40  -2.02    387       302273       14.689
DESCO         48.50    48.90    48.10    48.40   0.21    261       255706       12.377
DESCO         49.00    49.00    47.50    47.80  -1.24    335       425027       20.530
DESCO         48.20    48.20    47.50    47.60  -0.42    265       212972       10.174
DESCO         48.00    48.00    45.90    46.20  -2.94    453       426915       19.934
