GP           280.00   280.10   279.00   279.90   0.11    390       197525       55.279
GP           286.20   288.80   286.20   288.10   0.45    630       287819       82.910
GP           280.00   280.10   279.00   279.90   0.11    390       197525       55.279
GP           288.00   288.00   286.00   286.90   0.38    497       356470      102.251
GP           284.00   286.20   284.00   285.60  -0.10    373        93532       26.662
GP           281.80   284.50   281.70   283.90   1.10   1110       684451      193.900
GP           286.20   288.80   286.20   288.10   0.45    630       287819       82.910
GP           280.00   280.10   279.00   279.90   0.11    390       197525       55.279
GP           286.20   288.80   286.20   288.10   0.45    630       287819       82.910
GP           280.00   280.10   279.00   279.90   0.11    390       197525       55.279
GP           288.00   288.00   286.00   286.90   0.38    497       356470      102.251
GP           284.00   286.20   284.00   285.60  -0.10    373        93532       26.662
GP           281.80   284.50   281.70   283.90   1.10   1110       684451      193.900
GP           286.20   288.80   286.20   288.10   0.45    630       287819       82.910
