AAMRATECH     32.60    33.50    31.00    31.30  -3.40   1092      1729477       55.393
ACI          390.60   391.00   383.40   386.10  -0.26    941        96934       37.398
ACIFORMULA   153.30   155.00   152.10   152.40  -0.65    260        43491        6.660
ACMELAB       99.20    99.30    97.30    97.70  -1.51   2846       944557       92.668
ACTIVEFINE    44.30    44.70    43.10    43.40  -2.03   2436      2991681      130.910
AFCAGRO       54.00    54.70    52.40    52.70  -2.23   1558      1719028       91.480
AFTABAUTO     58.90    60.80    58.00    58.70   0.51   2009      1864337      111.180
AGNISYSL      20.50    20.90    20.20    20.30  -1.46    503       727962       14.906
AGRANINS      21.70    23.00    21.30    22.50   1.35     92       203329        4.523
AL-HAJTEX     88.50    90.30    87.00    87.80  -2.44   1055       229167       20.252
ALARABANK     15.10    15.20    15.00    15.20   0.66    148       396915        6.000
AMANFEED      71.60    71.60    69.80    70.10  -2.23   1135       756295       53.288
AMBEEPHA     371.00   395.00   370.00   387.50   4.70    763        38888       14.947
AMCL(PRAN)   210.00   214.10   206.10   208.40  -0.57    163        18469        3.880
ANLIMAYARN    30.70    31.30    30.10    30.30  -1.30    579       673959       20.636
APEXFOODS    148.20   148.20   142.00   143.30  -1.65    390        57962        8.381
APEXFOOT     346.00   346.10   336.50   339.30  -0.93    554        63768       21.712
APEXSPINN    113.90   114.00   112.00   112.70  -1.05    335        65679        7.399
APEXTANRY    133.10   133.50   130.00   130.70  -1.73    261        77583       10.244
APOLOISPAT    18.20    18.30    17.60    17.70  -2.21   2750     10201327      182.489
ARAMIT       360.70   360.70   353.00   354.40  -0.89    219        25689        9.121
ARAMITCEM     34.10    34.90    34.00    34.40   1.47    325       228520        7.916
ARGONDENIM    32.40    32.60    31.20    31.40  -1.57   1786      2728189       86.241
ASIAINS       18.20    18.50    17.80    18.30  -0.54     52        28326        0.514
ASIAPACINS    18.60    19.00    17.90    18.50  -2.12      9         1900        0.035
ATLASBANG    110.20   111.70   109.50   109.80  -0.36    189        41379        4.543
BANKASIA      18.20    18.30    17.90    18.10   0.56     63       312331        5.652
BARKAPOWER    30.80    31.40    30.20    30.50  -0.65   1251      2487763       77.014
BATBC       2505.10  2507.10  2504.00  2505.80   0.09     33          795        1.992
BAYLEASING    24.30    24.70    23.60    23.80  -1.24    358      1046904       25.469
BBS           49.40    53.50    49.30    51.70   4.44   6109     10483865      540.298
BDCOM         25.80    26.40    25.50    25.60  -0.39    693      1464953       37.798
BDFINANCE     11.80    12.40    11.70    12.30   4.24    978      2743819       33.424
BDLAMPS      182.00   182.00   175.00   176.30  -3.13    252        26787        4.783
BDTHAI        24.80    25.10    24.20    24.30  -1.62   1690      3020296       73.914
BENGALWTL     47.90    48.50    45.90    46.90   0.00   1111       903431       42.535
BERGERPBL   2330.00  2330.00  2330.00  2330.00  -0.83      4           64        0.149
BEXIMCO       24.40    24.60    24.10    24.20   0.00   1816      3485445       84.761
BGIC          19.40    19.90    19.00    19.80   1.02     79       116962        2.285
BRACBANK      65.30    65.30    65.10    65.20  -0.15    297       602590       39.286
BSC          442.50   453.90   440.00   452.20   2.19   1550        71223       31.909
BSCCL        119.00   119.00   117.10   117.50  -0.59    764       239314       28.146
BSRMLTD      134.00   134.30   129.60   130.40  -1.58    966       358109       47.106
BSRMSTEEL     95.50    95.80    94.10    95.30   0.21    666       524332       49.836
BXPHARMA      81.00    81.50    79.90    80.20  -0.99    729       614989       49.571
CENTRALINS    17.00    18.20    17.00    18.10   5.23     58        65952        1.162
CENTRALPHL    17.50    17.70    16.90    17.00  -2.30   1421      3934377       67.352
CITYBANK      27.00    27.50    27.00    27.10   0.37    605      2923441       79.550
CITYGENINS    14.90    15.50    14.60    15.20   4.83    263       350430        5.254
CMCKAMAL      18.80    19.60    18.80    18.90   0.53   2443      9057871      173.786
CNATEX         9.90     9.90     9.30     9.40  -3.09   1935     10275002       97.724
CONFIDCEM    114.00   116.80   110.80   111.90   1.36   2310      1153447      131.651
CONTININS     17.40    17.90    17.30    17.70   0.57    112       232868        4.084
CVOPRL       191.00   191.00   186.00   186.40  -1.38    824        82233       15.385
DAFODILCOM    42.60    42.60    41.50    42.00  -1.41    387       555775       23.344
DBH          101.30   102.40   100.20   101.30   0.40    253        91512        9.281
DELTALIFE     99.00    99.00    97.50    97.90  -0.10    311       180161       17.628
DESCO         48.80    49.40    48.30    48.30  -0.82    217       166639        8.099
DHAKABANK     17.30    17.70    17.30    17.70   2.31    218       488220        8.568
DHAKAINS      21.10    21.10    20.20    20.50  -2.84    116       171455        3.540
DSHGARME     315.00   318.00   301.00   308.30  -2.19    264        15768        4.886
DSSL          17.00    17.20    16.20    16.40  -3.53   1341      2673871       44.612
DUTCHBANGL   109.00   110.00   109.00   109.70   0.64     47        35446        3.891
EASTERNINS    25.20    25.20    24.90    25.00  -0.40     34        26139        0.653
EASTLAND      20.30    20.80    20.30    20.70   2.99     50        29509        0.609
EBL           28.90    29.00    28.80    28.90   0.00     69       191155        5.532
ECABLES      147.20   147.20   143.00   143.50  -2.31    186        23011        3.348
EHL           44.00    46.50    43.60    45.70   5.54   2755      4213234      190.153
ENVOYTEX      39.30    40.20    38.60    39.00  -0.51    266       225769        8.859
EXIMBANK      10.90    11.00    10.70    10.90   0.93    462      2057778       22.435
FARCHEM       22.40    23.50    22.30    22.90   3.15   4256      8961338      205.495
FAREASTFIN    10.90    11.10    10.70    11.00   1.85    382      1090315       11.913
FAREASTLIF    65.40    66.20    64.70    64.90  -0.92    160        37322        2.427
FASFIN        13.40    13.90    13.30    13.70   3.01    811      3367500       46.037
FEKDIL        23.80    24.10    23.60    23.60  -0.42    283       642768       15.267
FIRSTSBANK    12.10    12.40    12.00    12.30   1.65    606      3362897       41.172
FUWANGCER     16.30    16.30    15.80    15.90  -1.24    925      1876510       29.998
FUWANGFOOD    13.50    13.60    13.20    13.30  -0.75    596      1248955       16.679
GBBPOWER      20.40    20.70    19.10    19.40  -3.96   1724      4665392       92.833
GEMINISEA    732.40   738.00   725.00   725.40  -1.35    490        13484        9.818
GENNEXT        8.30     8.40     8.10     8.10  -2.41    841      4424208       36.325
GHAIL         53.40    55.30    51.00    54.50   2.06   1806      2394381      126.706
GHCL          41.80    43.40    41.40    41.80   1.46    742       649466       27.607
GLAXOSMITH  1566.00  1570.00  1558.00  1561.30  -0.35    105         3674        5.747
GLOBALINS     14.10    14.60    14.10    14.30   1.42     80       102811        1.467
GOLDENSON     18.50    18.50    18.00    18.10  -0.55    461       596924       10.891
GP           288.00   288.00   286.00   286.90   0.38    497       356470      102.251
GPHISPAT      34.60    35.00    33.50    33.80  -2.03   1769      2656647       90.809
GQBALLPEN     72.70    73.00    71.30    71.70  -1.78    166        49970        3.604
GREENDELT     48.00    48.00    47.30    47.70   0.00     21         3923        0.187
GSPFINANCE    21.80    22.70    21.80    22.30   3.72   1272      3293935       73.532
HEIDELBCEM   548.90   549.00   540.00   543.50   0.67     80         6903        3.744
HFL           24.30    25.10    24.00    24.10  -1.63    332      1015358       25.119
HRTEX         31.50    31.80    30.10    30.60  -3.77    524       490886       15.175
HWAWELLTEX    35.30    35.90    34.90    35.30  -2.22     43        49180        1.747
IBNSINA      206.40   208.00   199.90   202.10  -1.85    983       152151       30.804
ICB          100.90   101.10    98.90    99.10  -0.80    150        33895        3.374
IFADAUTOS     92.90    93.40    90.00    91.10  -1.51   1988      1919429      176.603
IFIC          20.00    20.60    20.00    20.50   2.50    620      1366907       27.715
INTECH        14.60    14.60    14.20    14.30  -0.69    434       744885       10.733
IPDC          41.10    41.80    40.70    41.00   0.49    433       557102       22.922
ISLAMIBANK    29.50    29.60    29.30    29.40  -0.34    416      1103157       32.503
ISLAMICFIN    16.30    17.90    16.30    17.90   9.82   1949      8425331      146.656
ISLAMIINS     17.50    18.30    17.40    17.90   1.70     68       102528        1.814
ITC           50.00    50.00    48.80    48.90  -1.01    917       442227       21.764
JAMUNABANK    15.00    15.50    15.00    15.40   1.32    179       468862        7.199
JMISMDL      160.70   176.50   160.70   174.10   8.34   2097       439396       73.827
KARNAPHULI    14.90    15.00    14.70    15.00   1.35     47        42594        0.633
KBPPWBIL      19.80    19.90    19.10    19.20  -2.54    731      1517449       29.540
KDSALTD       80.30    82.90    80.30    82.60   2.61   1053       682973       55.955
KEYACOSMET    10.90    11.60    10.90    11.30   2.73   4238     16687987      189.024
KOHINOOR     375.00   386.30   375.00   381.70   1.27    100         3875        1.476
KPCL          65.80    66.50    64.90    65.00  -0.76   1108       959267       62.590
LAFSURCEML    85.00    90.00    85.00    88.00   6.28   8135      8784199      776.102
LANKABAFIN    31.40    32.50    31.10    32.20   3.87   2605      5600709      179.581
LIBRAINFU    479.90   479.90   445.30   454.50  -1.71    271         9789        4.478
LINDEBD     1300.00  1308.90  1293.20  1300.30   0.24    235        15790       20.521
MALEKSPIN     16.90    16.90    16.40    16.50  -1.20    164       386073        6.402
MARICO      1210.00  1210.00  1175.50  1176.80  -1.18     75         2058        2.429
MATINSPINN    38.50    39.00    37.90    38.20   0.00    206       195774        7.480
MEGHNACEM    112.90   114.20   110.00   113.20   0.00    425       311644       35.484
MEGHNALIFE    53.60    53.60    52.70    53.10  -0.19    108        36862        1.956
MERCANBANK    14.60    14.80    14.50    14.60   0.00    341      2666562       39.053
MERCINS       15.20    16.00    14.90    15.90   5.30    152       189200        2.941
MHSML         16.20    16.30    16.00    16.00   0.00    508       921085       14.853
MICEMENT      78.50    78.50    77.10    77.80  -0.13    231       133339       10.356
MJLBD        123.10   123.80   121.50   121.80  -1.06   1566      1023937      125.124
MONNOSTAF    562.00   568.70   544.10   553.50  -1.34     71         1477        0.827
MPETROLEUM   184.00   185.10   183.90   184.50   0.44    227       128568       23.695
MTB           23.50    24.10    23.30    23.90   3.46    321      2665427       63.667
NATLIFEINS   183.00   183.00   178.70   179.30  -0.83    334        57064       10.268
NAVANACNG     59.60    62.80    59.00    60.10   1.52   1778      2175402      132.111
NBL            9.70     9.80     9.70     9.70   0.00    765      4397335       42.711
NCCBANK       11.00    11.20    11.00    11.20   1.82    208       650511        7.238
NFML          18.60    18.60    18.10    18.20  -1.62    847      1757161       32.280
NHFIL         60.60    64.80    60.60    63.80   4.76    697       630295       39.674
NITOLINS      22.50    22.70    21.70    21.70   0.00     24        11521        0.251
NORTHERN     230.30   230.30   223.00   223.90  -1.88    162        11353        2.547
NORTHRNINS    18.00    19.80    18.00    19.50   5.41    113        89282        1.674
NPOLYMAR      75.70    76.70    74.40    74.60  -0.53    523       183199       13.841
NTC          670.00   681.00   660.20   665.80  -0.15   2071       122433       81.896
NTLTUBES     130.20   134.00   128.60   130.10  -0.69   2039       481744       63.005
OAL           23.10    23.40    22.60    22.70  -1.30   2090      4306763       98.256
OLYMPIC      305.90   308.00   305.30   305.70  -0.36    451       116644       35.701
ONEBANKLTD    15.80    16.20    15.70    16.20   2.53    459      2226465       35.610
ORIONINFU     60.70    62.00    60.20    60.60   0.50   1367       548321       33.578
ORIONPHARM    41.50    42.10    40.70    40.80  -1.45    858      1034562       42.659
PARAMOUNT     19.90    20.90    19.60    20.20  -0.98    284       391249        7.910
PENINSULA     26.00    26.40    24.80    25.10  -2.33   1149      2238496       56.936
PEOPLESINS    17.10    17.70    17.10    17.40   0.00     19         7085        0.123
PHARMAID     243.60   247.70   242.00   244.60   0.45    449        49219       12.000
PHENIXINS     23.30    23.50    22.70    23.10   0.43     85        77775        1.801
PHOENIXFIN    26.60    27.20    26.30    26.70   1.52    371       828427       22.158
PIONEERINS    30.30    30.40    29.40    30.30   2.71     91        60595        1.809
POPULARLIF    70.50    70.50    69.80    70.00   1.16     81        53983        3.780
POWERGRID     54.40    55.70    53.90    55.10   1.29    584       481276       26.489
PRAGATIINS    27.70    27.70    27.20    27.40  -1.44     22        19676        0.540
PREMIERBAN     9.00     9.10     8.90     9.00   0.00    329      1336848       12.055
PREMIERCEM    86.80    87.00    84.90    85.00  -0.47    105        56309        4.802
PRIMEBANK     17.10    17.70    16.80    17.60   2.33    187       689394       12.076
PRIMEINSUR    18.20    18.80    18.20    18.30   0.55      6         5722        0.105
PRIMELIFE     59.00    59.50    59.00    59.10  -0.17      7         4667        0.276
PRIMETEX      23.00    24.10    22.50    22.70   0.00    657      1477976       34.415
PROVATIINS    15.00    16.40    15.00    15.60   3.31     76       165444        2.620
PTL           19.90    19.90    19.20    19.40  -1.02    509      1190991       23.243
PUBALIBANK    24.70    24.80    23.70    24.70   2.07    302       942786       23.200
PURABIGEN     14.90    15.60    14.90    15.30   2.00    172       271882        4.108
QSMDRYCELL    94.90    96.70    94.20    94.80  -0.11   1488       649011       61.800
RAHIMTEXT    275.00   275.00   260.00   264.30  -1.86    336        26864        7.251
RAKCERAMIC    62.50    64.40    62.40    64.20   3.38   2117      2260049      144.015
RANFOUNDRY   107.00   107.70   106.00   106.20  -1.12    290        49054        5.224
RDFOOD        17.50    17.60    17.00    17.10  -1.72    932      1769387       30.477
RECKITTBEN  1540.10  1570.00  1540.10  1552.90   0.76     18          166        0.258
RELIANCINS    47.00    47.00    46.80    47.00   0.43      5         2300        0.108
RENATA      1083.00  1088.00  1083.00  1083.50   0.04    213         9403       10.199
RENWICKJA    672.00   672.00   651.00   661.80  -1.42    172         4422        2.921
REPUBLIC      20.20    21.50    19.90    21.40   5.42    341      1270650       26.142
RSRMSTEEL     63.50    69.30    63.10    66.10   3.12   2727      4510606      298.178
RUPALIBANK    25.50    26.00    25.30    25.60   0.39    139        99315        2.550
RUPALIINS     17.50    18.10    17.50    18.00   2.86    159       243656        4.346
RUPALILIFE    35.70    36.50    35.20    36.30   3.42    265       305143       10.994
SAIFPOWER     51.50    51.60    49.80    50.00  -2.53   1142      1053697       53.138
SAIHAMCOT     14.80    15.10    14.40    14.80   0.00    265      1260610       18.646
SAIHAMTEX     14.80    15.00    14.60    14.60  -0.68    207       481590        7.057
SALAMCRST     37.50    38.60    36.80    37.90   2.71   1478      1988625       74.865
SALVOCHEM     17.00    17.30    16.30    16.40  -2.38    839      2347083       39.004
SAMORITA      68.50    68.90    67.10    67.30   0.00    138        60561        4.099
SANDHANINS    32.50    32.80    32.40    32.60   0.00     71        45993        1.498
SAPORTL       48.00    48.70    47.20    47.90  -1.03   1915      2528556      121.017
SHAHJABANK    14.10    14.40    14.10    14.40   1.41    163       451773        6.477
SHASHADNIM    73.80    74.00    71.10    71.60  -2.72   1737      1837360      132.695
SIBL          16.60    16.80    16.50    16.80   0.60    136       196325        3.275
SIMTEX        21.70    21.70    21.20    21.30  -0.93    509       244108        5.242
SINGERBD     184.20   187.00   184.20   184.80   0.33    298        80734       14.937
SONALIANSH   191.80   191.80   184.10   186.10  -0.75    234        29525        5.495
SONARBAINS    16.10    16.50    15.80    16.00   0.63     35        23127        0.371
SOUTHEASTB    17.50    17.60    17.30    17.40   0.00    220       988708       17.247
SPCL         137.90   138.30   134.00   135.20  -2.03   1013       331203       45.192
SQUARETEXT    70.10    70.50    69.20    69.40  -1.28    154       189095       13.219
SQURPHARMA   247.70   247.70   245.20   245.50  -0.61   1297       487651      119.961
STANCERAM     55.20    55.20    53.10    53.60  -2.90    200        51059        2.750
STANDARINS    18.70    19.00    18.00    18.20  -1.09     16         4466        0.081
STANDBANKL    10.90    11.20    10.80    11.10   1.83    180       678945        7.500
STYLECRAFT  1480.00  1494.00  1415.00  1440.30  -3.61     69          369        0.533
SUMITPOWER    37.90    38.30    36.90    37.20  -1.06    677      1476054       55.489
TAKAFULINS    17.40    17.70    17.40    17.60   0.57     18        11132        0.195
TITASGAS      46.80    47.20    46.70    46.80  -0.21    524       667996       31.320
TOSRIFA       20.10    20.20    19.00    19.30  -1.53    273       501319        9.721
TRUSTBANK     23.40    23.70    23.20    23.50   0.86    342      1252625       29.432
TUNGHAI       11.20    11.40    10.90    11.00  -1.79    389      1522880       16.912
UCB           19.90    20.40    19.90    20.30   2.01    751      2655349       53.557
UNIONCAP      15.80    16.40    15.40    16.20   3.18   1120      3765651       60.724
UNIQUEHRL     45.90    48.20    45.40    47.00   3.07   2072      2418244      113.049
UNITEDFIN     22.10    22.90    22.10    22.70   2.25    374       875554       19.798
UNITEDINS     25.70    25.70    25.50    25.50   0.00      2         3000        0.077
UPGDCL       141.30   142.00   139.30   140.40  -0.50    972       521386       73.488
USMANIAGL     89.00    89.00    87.00    87.30  -1.02    281        43927        3.847
UTTARABANK    24.50    24.50    24.00    24.40   0.83    288       874036       21.300
UTTARAFIN     58.50    61.30    58.50    60.70   3.76    508       358908       21.712
WATACHEM     165.00   169.70   164.00   166.10   1.34    503        79058       13.140
ZAHEENSPIN    17.60    17.60    16.90    17.00  -3.41    642      1451807       25.074
ZAHINTEX      17.60    18.00    17.20    17.50  -1.13    234       438855        7.659
AAMRATECH        32.60       33.50       31.00       31.20        -4.295
BXSYNTH           7.30        7.40        7.00        7.00        -4.110




                 TOP 10 LOSERS (Based on YCP and Close Price)
                 ============================================

Instr Code         YCP        High         Low       CLOSE        %CHG

WMSHIPYARD       32.90       33.00       30.00       31.30        -4.863
ICBEPMF1S1        6.30        6.10        6.00        6.00        -4.762
RAHIMAFOOD      149.50      157.00      140.00      142.50        -4.682
SINOBANGLA       30.80       30.40       28.30       29.40        -4.545
BXSYNTH           7.30        7.40        7.00        7.00        -4.110
GBBPOWER         20.20       20.70       19.10       19.40        -3.960
HRTEX            31.80       31.80       30.10       30.60        -3.774
STYLECRAFT     1494.20     1494.00     1415.00     1440.30        -3.607
MONNOCERA        42.00       42.00       40.30       40.50        -3.571
DSSL             17.00       17.20       16.20       16.40        -3.529


	
Note:

    Issues Advanced; Issues declined; Issues Unchanged in this market summary file are based on CP (closing price) whereas the same are calculated on DSE website based on LTP (last trade price) during trading session.
    CP is defined as "The closing price for a security shall be determined as per the weighted average price of all the trades in the last 30 (thirty) minutes before the closing session. If there is no trade during that specified time, the weighted average price of maximum 20 (twenty) number of trades preceding the above 30 (thirty) minutes shall be taken for determination of closing price".

 
	 
