UCB           18.40    18.60    18.30    18.40   0.55    210       706258       13.044
UCB           20.00    20.30    19.90    20.00   0.00    434      1418232       28.467
UCB           18.40    18.60    18.30    18.40   0.55    210       706258       13.044
UCB           19.90    20.40    19.90    20.30   2.01    751      2655349       53.557
UCB           19.80    19.80    19.60    19.70   0.00    358       711649       14.019
UCB           19.00    19.50    18.90    19.30   1.58    606      2656535       51.236
UCB           20.00    20.30    19.90    20.00   0.00    434      1418232       28.467
UCB           19.80    19.80    19.60    19.70   0.00    358       711649       14.019
UCB           18.40    18.60    18.30    18.40   0.55    210       706258       13.044
UCB           18.40    18.60    18.30    18.40   0.55    210       706258       13.044
UCB           18.40    18.60    18.30    18.40   0.55    210       706258       13.044
UCB           19.80    19.80    19.60    19.70   0.00    358       711649       14.019
UCB           19.00    19.50    18.90    19.30   1.58    606      2656535       51.236
UCB           20.30    20.50    20.10    20.20   0.00    530      1702459       34.529
UCB           18.40    18.60    18.30    18.40   0.55    210       706258       13.044
UCB           20.30    21.00    20.10    20.30   0.50    601      3236968       65.755
UCB           20.00    20.30    19.90    20.00   0.00    434      1418232       28.467
UCB           20.30    20.40    20.10    20.20  -0.49    494      1230675       24.895
UCB           20.30    20.50    20.10    20.20   0.00    530      1702459       34.529
UCB           20.20    20.50    20.10    20.20   0.00    432      1633857       33.261
UCB           20.30    21.00    20.10    20.30   0.50    601      3236968       65.755
