UNITEDFIN     19.90    19.90    19.60    19.70  -0.51     66       101593        2.005
UNITEDFIN     21.90    22.80    21.90    22.50   3.69    479      1241304       27.710
UNITEDFIN     19.90    19.90    19.60    19.70  -0.51     66       101593        2.005
UNITEDFIN     22.10    22.90    22.10    22.70   2.25    374       875554       19.798
UNITEDFIN     21.80    22.00    21.70    21.80  -0.46    130       280547        6.115
UNITEDFIN     20.20    21.00    20.20    20.50   1.49    248       478420        9.827
UNITEDFIN     21.90    22.80    21.90    22.50   3.69    479      1241304       27.710
UNITEDFIN     21.80    22.00    21.70    21.80  -0.46    130       280547        6.115
UNITEDFIN     19.90    19.90    19.60    19.70  -0.51     66       101593        2.005
UNITEDFIN     19.90    19.90    19.60    19.70  -0.51     66       101593        2.005
UNITEDFIN     19.90    19.90    19.60    19.70  -0.51     66       101593        2.005
UNITEDFIN     21.80    22.00    21.70    21.80  -0.46    130       280547        6.115
UNITEDFIN     20.20    21.00    20.20    20.50   1.49    248       478420        9.827
UNITEDFIN     22.10    22.90    22.10    22.70   2.25    374       875554       19.798
UNITEDFIN     19.90    19.90    19.60    19.70  -0.51     66       101593        2.005
UNITEDFIN     22.10    22.90    22.10    22.70   2.25    374       875554       19.798
UNITEDFIN     19.90    19.90    19.60    19.70  -0.51     66       101593        2.005
UNITEDFIN     21.90    22.80    21.90    22.50   3.69    479      1241304       27.710
UNITEDFIN     19.90    19.90    19.60    19.70  -0.51     66       101593        2.005
UNITEDFIN     22.10    22.90    22.10    22.70   2.25    374       875554       19.798
UNITEDFIN     21.80    22.00    21.70    21.80  -0.46    130       280547        6.115
UNITEDFIN     20.20    21.00    20.20    20.50   1.49    248       478420        9.827
UNITEDFIN     21.90    22.80    21.90    22.50   3.69    479      1241304       27.710
UNITEDFIN     21.80    22.00    21.70    21.80  -0.46    130       280547        6.115
UNITEDFIN     19.90    19.90    19.60    19.70  -0.51     66       101593        2.005
UNITEDFIN     19.90    19.90    19.60    19.70  -0.51     66       101593        2.005
UNITEDFIN     19.90    19.90    19.60    19.70  -0.51     66       101593        2.005
UNITEDFIN     21.80    22.00    21.70    21.80  -0.46    130       280547        6.115
UNITEDFIN     20.20    21.00    20.20    20.50   1.49    248       478420        9.827
UNITEDFIN     22.10    22.90    22.10    22.70   2.25    374       875554       19.798
UNITEDFIN     19.90    19.90    19.60    19.70  -0.51     66       101593        2.005
UNITEDFIN     22.10    22.90    22.10    22.70   2.25    374       875554       19.798
