ALLTEX        10.40    10.40    10.00    10.10  -0.98    117       163161        1.663
BANGAS       119.50   120.50   118.30   118.80  -0.34    118        13912        1.657
BDAUTOCA      88.90    88.90    82.30    83.90  -3.45    258        13132        1.128
BDWELDING     11.20    11.20    10.60    10.60  -1.85    142       190638        2.070
BEACHHATCH    10.70    10.70    10.20    10.40  -2.80    163       197780        2.051
BEACONPHAR    21.90    21.90    21.20    21.40  -1.83    338       590907       12.754
BIFC           8.20     8.60     8.20     8.30   0.00     48        80472        0.673
BXSYNTH        7.30     7.40     7.00     7.00  -4.11    111       176450        1.256
DACCADYE       7.70     7.70     7.50     7.50  -2.60     89       146160        1.109
DESHBANDHU    10.30    10.50    10.20    10.20  -1.92     95       142674        1.473
DULAMIACOT     7.40     7.60     7.40     7.40   2.78      4         1300        0.010
FINEFOODS     23.50    25.00    23.00    23.70   0.00    128        57684        1.396
FIRSTFIN       8.20     8.30     8.10     8.30   3.75     77       122884        1.005
ICBIBANK       4.00     4.10     3.90     4.00   0.00     82       341550        1.367
IMAMBUTTON    13.30    13.40    12.90    13.10   0.00     33        26920        0.354
ISNLTD        12.90    13.00    12.50    12.70  -0.78     14         8427        0.107
JUTESPINN     54.00    54.00    53.70    53.80   0.37     14          600        0.032
KAY&QUE       32.00    32.30    30.80    31.50  -1.87     68        27340        0.861
KPPL           8.10     8.20     7.90     8.00   0.00    108       243490        1.967
LEGACYFOOT    21.40    21.40    20.90    21.00  -1.87     55        19397        0.408
MAKSONSPIN     7.90     7.90     7.50     7.60  -2.56    160       892867        6.839
MEGCONMILK     8.10     8.50     8.00     8.10   2.53     90        78640        0.653
MEGHNAPET      6.70     6.80     6.40     6.60   0.00     19        23200        0.153
METROSPIN      7.40     7.40     7.10     7.10  -1.39     51       118519        0.848
MIDASFIN      23.20    23.60    21.70    22.10   0.45    192       177348        4.009
MODERNDYE    173.60   183.80   170.00   171.60  -1.32     18          775        0.133
PADMALIFE     26.40    26.80    26.40    26.60   1.14     42        22234        0.590
PLFSL          8.30     8.40     8.20     8.20  -2.38    122       199339        1.647
PRAGATILIF   104.60   109.40   104.60   106.70  -0.56     42         6530        0.691
PRIMEFIN       8.90     9.10     8.80     9.00   1.12    145       337470        3.050
PROGRESLIF    54.10    55.20    54.10    54.90   0.55      4          701        0.038
RAHIMAFOOD   148.20   157.00   140.00   142.50  -4.68    504        63686        9.653
RNSPIN        23.00    24.00    22.80    23.00   2.68    810      1210659       28.220
SAVAREFR      50.00    50.00    50.00    50.00   1.01      1          100        0.005
SHURWID       10.70    10.90    10.50    10.50  -2.78    147       159663        1.699
SHYAMPSUG     16.30    17.80    16.30    17.80   9.88     56        25385        0.442
SINOBANGLA    30.10    30.40    28.30    29.40  -4.55    153       144238        4.323
SONARGAON     10.00    10.10     9.80     9.80   0.00     61        63942        0.634
SPCERAMICS     9.50     9.50     9.30     9.40  -2.08     58        60120        0.564
SUNLIFEINS    20.50    20.50    19.60    20.10   0.00     15        13900        0.280
TALLUSPIN      9.40     9.40     9.20     9.30   0.00    149       211355        1.963
UNITEDAIR      5.10     5.10     4.90     5.00   0.00    478      2014258       10.125
WMSHIPYARD    33.00    33.00    30.00    31.30  -4.86    712       699720       21.898
ZEALBANGLA    29.50    29.80    29.20    29.80   9.96     56        21091        0.627
